This table is produced by alphabetarandomizer.pro
This table was produced with 50000 iterations of alpha and beta combinations

Pulsar #       Jname             Period (s)     % W<rho      % W>rho      % W=rho      % W=NaN
_________________________________________________________________________________________________
       0        J0034-0721      0.94295100     0.306000      6.69200      0.00000      93.0020
       1        J0108-1431      0.80756500     0.356000      6.84400      0.00000      92.8000
       2        J0134-2937      0.13696200     0.986000      15.8820      0.00000      83.1320
       3        J0152-1637      0.83274200     0.354000      7.07800      0.00000      92.5680
       4        J0206-4028      0.63055000     0.360000      8.25800      0.00000      91.3820
       5        J0255-5304      0.44770800     0.468000      9.45800      0.00000      90.0740
       6        J0304+1932       1.3875840     0.266000      5.58800      0.00000      94.1460
       7        J0343-3000       2.5970270     0.164000      3.96800      0.00000      95.8680
       8        J0401-7608      0.54525300     0.490000      8.30000      0.00000      91.2100
       9        J0448-2749      0.45044800     0.534000      9.34400      0.00000      90.1220
      10        J0452-1759      0.54893900     0.506000      8.52200      0.00000      90.9720
      11        J0525+1115      0.35443800     0.586000      10.5200      0.00000      88.8940
      12        J0536-7543       1.2458560     0.332000      5.86200      0.00000      93.8060
      13        J0601-0527      0.39596900     0.530000      10.0840      0.00000      89.3860
      14        J0624-0424       1.0390760     0.332000      6.36800      0.00000      93.3000
      15        J0630-2834       1.2444190     0.282000      5.83600      0.00000      93.8820
      16        J0729-1836      0.51016000     0.430000      8.77800      0.00000      90.7920
      17        J0738-4042      0.37492000     0.562000      10.3500      0.00000      89.0880
      18        J0809-4753      0.54719900     0.476000      8.38400      0.00000      91.1400
      19        J0820-1350       1.2381300     0.294000      5.86400      0.00000      93.8420
      20        J0820-4114      0.54544600     0.454000      8.45800      0.00000      91.0880
      21        J0837-4135      0.75162400     0.372000      7.46000      0.00000      92.1680
      22        J0842-4851      0.64435400     0.418000      8.18800      0.00000      91.3940
      23        J0907-5157      0.25355600     0.790000      11.9700      0.00000      87.2400
      24        J0924-5814      0.73950100     0.352000      7.37800      0.00000      92.2700
      25        J0942-5552      0.66436700     0.442000      7.74800      0.00000      91.8100
      26        J1001-5507       1.4365830     0.236000      5.37600      0.00000      94.3880
      27        J1034-3224       1.1505900     0.292000      6.06800      0.00000      93.6400
      28        J1038-5831      0.66199200     0.432000      8.01000      0.00000      91.5580
      29        J1047-6709      0.19845100     0.780000      13.4080      0.00000      85.8120
      30        J1056-6258      0.42244700     0.540000      9.60800      0.00000      89.8520
      31        J1136-5525      0.36470600     0.602000      10.3200      0.00000      89.0780
      32        J1146-6030      0.27337200     0.672000      11.7780      0.00000      87.5500
      33        J1157-6224      0.40052200     0.532000      9.91200      0.00000      89.5560
      34        J1243-6423      0.38848100     0.566000      9.93200      0.00000      89.5020
      35        J1306-6617      0.47302600     0.484000      9.17400      0.00000      90.3420
      36        J1319-6056      0.28435100     0.682000      11.7200      0.00000      87.5980
      37        J1326-5859      0.47799100     0.540000      8.97200      0.00000      90.4880
      38        J1326-6408      0.79267000     0.338000      6.97800      0.00000      92.6840
      39        J1326-6700      0.54300900     0.500000      8.57400      0.00000      90.9260
      40        J1327-6222      0.52991300     0.444000      8.58600      0.00000      90.9700
      41        J1327-6301      0.19647900     0.796000      13.5160      0.00000      85.6880
      42        J1328-4357      0.53269900     0.478000      8.59800      0.00000      90.9240
      43        J1357-62        0.45576100     0.456000      9.26400      0.00000      90.2800
      44        J1401-6357      0.84279000     0.306000      6.98000      0.00000      92.7140
      45        J1418-3921       1.0968060     0.308000      6.10800      0.00000      93.5840
      46        J1424-5822      0.36673400     0.610000      9.98200      0.00000      89.4080
      47        J1428-5530      0.57029000     0.430000      8.26800      0.00000      91.3020
      48        J1430-6623      0.78544100     0.370000      7.22200      0.00000      92.4080
      49        J1435-5954      0.47299500     0.504000      9.12000      0.00000      90.3760
      50        J1456-6843      0.26337700     0.736000      11.8580      0.00000      87.4060
      51        J1522-5829      0.39535300     0.544000      9.92800      0.00000      89.5280
      52        J1534-5334       1.3688810     0.240000      5.56600      0.00000      94.1940
      53        J1534-5405      0.28968900     0.608000      11.3880      0.00000      88.0040
      54        J1544-5308      0.17855400     0.812000      14.0560      0.00000      85.1320
      55        J1555-3134      0.51811000     0.462000      8.82200      0.00000      90.7160
      56        J1557-4258      0.32918700     0.632000      10.8060      0.00000      88.5620
      57        J1559-4438      0.25705600     0.744000      12.0340      0.00000      87.2220
      58        J1602-5100      0.86422700     0.330000      6.82800      0.00000      92.8420
      59        J1604-4909      0.32741800     0.610000      10.5480      0.00000      88.8420
      60        J1605-5257      0.65801300     0.408000      7.63600      0.00000      91.9560
      61        J1613-4714      0.38237600     0.558000      10.0300      0.00000      89.4120
      62        J1622-4950       4.3261000     0.140000      3.36800      0.00000      96.4920
      63        J1623-4256      0.36459000     0.646000      10.4340      0.00000      88.9200
      64        J1626-4537      0.37014100     0.544000      10.4300      0.00000      89.0260
      65        J1630-4733      0.57597100     0.494000      8.52200      0.00000      90.9840
      66        J1632-4621       1.7091540     0.264000      5.06600      0.00000      94.6700
      67        J1633-4453      0.43650700     0.528000      9.57200      0.00000      89.9000
      68        J1633-5015      0.35214200     0.562000      10.5020      0.00000      88.9360
      69        J1636-4803       1.2046440     0.304000      5.86400      0.00000      93.8320
      70        J1644-4559      0.45506000     0.562000      9.23000      0.00000      90.2080
      71        J1646-6831       1.7856110     0.236000      4.87600      0.00000      94.8880
      72        J1648-3256      0.71945500     0.366000      7.31400      0.00000      92.3200
      73        J1649-3805      0.26202600     0.760000      11.9800      0.00000      87.2600
      74        J1651-4246      0.84408100     0.294000      7.10000      0.00000      92.6060
      75        J1651-5222      0.63505600     0.410000      7.88600      0.00000      91.7040
      76        J1652-2404       1.7037390     0.244000      4.94000      0.00000      94.8160
      77        J1653-3838      0.30503700     0.628000      10.9320      0.00000      88.4400
      78        J1653-4249      0.61255800     0.414000      8.22600      0.00000      91.3600
      79        J1700-3312       1.3583070     0.274000      5.51600      0.00000      94.2100
      80        J1701-4533      0.32290900     0.660000      10.7740      0.00000      88.5660
      81        J1703-3241       1.2117850     0.274000      5.96800      0.00000      93.7580
      82        J1703-4851       1.3964010     0.268000      5.40000      0.00000      94.3320
      83        J1705-1906      0.29898700     0.642000      11.1600      0.00000      88.1980
      84        J1705-3423      0.25542600     0.760000      11.8160      0.00000      87.4240
      85        J1707-4053      0.58101700     0.432000      8.35200      0.00000      91.2160
      86        J1707-4729      0.26647400     0.758000      11.9520      0.00000      87.2900
      87        J1708-3426      0.69211300     0.412000      7.83400      0.00000      91.7540
      88        J1709-1640      0.65305400     0.414000      7.90400      0.00000      91.6820
      89        J1715-4034       2.0721530     0.178000      4.56800      0.00000      95.2540
      90        J1717-3425      0.65629900     0.444000      7.82200      0.00000      91.7340
      91        J1717-4054      0.88771800     0.326000      6.72000      0.00000      92.9540
      92        J1717-5800      0.32179300     0.616000      10.7020      0.00000      88.6820
      93        J1720-2933      0.62044800     0.382000      8.39600      0.00000      91.2220
      94        J1722-3207      0.47715800     0.474000      8.78200      0.00000      90.7440
      95        J1722-3632      0.39918300     0.516000      9.67400      0.00000      89.8100
      96        J1727-2739       1.2931000     0.272000      5.77000      0.00000      93.9580
      97        J1733-2228      0.87168300     0.340000      6.93000      0.00000      92.7300
      98        J1738-3211      0.76849900     0.394000      7.47200      0.00000      92.1340
      99        J1739-3131      0.52944100     0.462000      8.53200      0.00000      91.0060
     100        J1741-2733      0.89295900     0.298000      6.72800      0.00000      92.9740
     101        J1741-3016       1.8937490     0.218000      4.82600      0.00000      94.9560
     102        J1741-3927      0.51221100     0.422000      8.79800      0.00000      90.7800
     103        J1743-3150       2.4145760     0.198000      4.33400      0.00000      95.4680
     104        J1749-3002      0.60987400     0.448000      7.97200      0.00000      91.5800
     105        J1750-3157      0.91036300     0.376000      6.84400      0.00000      92.7800
     106        J1751-4657      0.74235200     0.394000      7.54800      0.00000      92.0580
     107        J1752-2806      0.56255800     0.406000      8.47400      0.00000      91.1200
     108        J1807-0847      0.16372700     0.820000      14.6820      0.00000      84.4980
     109        J1817-3618      0.38701700     0.552000      10.0620      0.00000      89.3860
     110        J1820-0427      0.59807600     0.396000      8.29800      0.00000      91.3060
     111        J1822-2256       1.8742690     0.236000      4.81000      0.00000      94.9540
     112        J1822-4209      0.45651200     0.470000      9.58800      0.00000      89.9420
     113        J1823-3106      0.28405400     0.590000      11.7780      0.00000      87.6320
     114        J1825-0935      0.76900600     0.388000      7.42200      0.00000      92.1900
     115        J1829-1751      0.30713300     0.686000      10.8060      0.00000      88.5080
     116        J1845-0434      0.48675100     0.500000      9.08200      0.00000      90.4180
     117        J1848-0123      0.65943200     0.400000      7.81600      0.00000      91.7840
     118        J1852-0635      0.52415100     0.496000      8.54400      0.00000      90.9600
     119        J1900-2600      0.61220900     0.458000      8.12000      0.00000      91.4220
     120        J1913-0440      0.82593600     0.336000      6.88000      0.00000      92.7840
     121        J1941-2602      0.40285800     0.482000      10.0040      0.00000      89.5140
     122        J2048-1616       1.9615720     0.256000      4.60000      0.00000      95.1440
     123        J2330-2005       1.6436220     0.220000      5.09000      0.00000      94.6900
     124        J2346-0609       1.1814630     0.316000      5.88400      0.00000      93.8000
